  AND
x1|x2|t |erro
0 |0 |0 |=~0
0 |1 |0 |=~0
1 |0 |0 |=~0
1 |1 |1 |=~0


no matlab:
         k
    ----------->
x1 | 0 0 1 1
x2 | 0 1 0 1
   v

t = [0 0 0 1]
